This data is a numerical solution for the decay problem
0.0 1000.0 50.0
5.0 525.0 287.5
10.0 406.25 346.875
15.0 376.5625 361.71875
20.0 369.140625 365.4296875
25.0 367.28515625 366.357421875
30.0 366.821289062 366.589355469
This data is a numerical solution for the decay problem
0.0 1000.0 50.0
2.0 810.0 202.0
4.0 688.4 299.28
6.0 610.576 361.5392
8.0 560.76864 401.385088
10.0 528.8919296 426.88645632
12.0 508.490834944 443.207332045
14.0 495.434134364 453.652692509
16.0 487.077845993 460.337723206
18.0 481.729821436 464.616142852
20.0 478.307085719 467.354331425
22.0 476.11653486 469.106772112
24.0 474.71458231 470.228334152
26.0 473.817332679 470.946133857
28.0 473.243092914 471.405525669
30.0 472.875579465 471.699536428
This data is a numerical solution for the decay problem
0.0 1000.0 50.0
1.0 905.0 135.5
2.0 828.05 204.755
3.0 765.7205 260.85155
4.0 715.233605 306.2897555
5.0 674.33922005 343.094701955
6.0 641.21476824 372.906708584
7.0 614.383962275 397.054433953
8.0 592.651009443 416.614091502
9.0 575.047317648 432.457414116
10.0 560.788327295 445.290505434
11.0 549.238545109 455.685309402
12.0 539.883221538 464.105100615
13.0 532.305409446 470.925131498
14.0 526.167381651 476.449356514
15.0 521.195579138 480.923978776
16.0 517.168419101 484.548422809
17.0 513.906419472 487.484222475
18.0 511.264199772 489.862220205
19.0 509.124001816 491.788398366
20.0 507.390441471 493.348602676
21.0 505.986257591 494.612368168
22.0 504.848868649 495.636018216
23.0 503.927583606 496.465174755
24.0 503.181342721 497.136791551
25.0 502.576887604 497.680801157
26.0 502.087278959 498.121448937
27.0 501.690695957 498.478373639
28.0 501.369463725 498.767482648
29.0 501.109265617 499.001660944
30.0 500.89850515 499.191345365
This data is a numerical solution for the decay problem
0.0 1000.0 50.0
0.5 952.5 95.125
1.0 909.63125 135.8503125
1.5 870.942203125 172.604907031
2.0 836.02533832 205.775928596
2.5 804.512867834 235.712775558
3.0 776.07286322 262.730779941
3.5 750.405759056 287.114528897
4.0 727.241197548 309.120862329
4.5 706.335180787 328.981578252
5.0 687.467500661 346.905874372
5.5 670.439419346 363.082551621
6.0 655.07157596 377.682002838
6.5 641.202097304 390.858007561
7.0 628.684892817 402.749351824
7.5 617.388115767 413.481290021
8.0 607.19277448 423.166864244
8.5 597.991478968 431.90809498
9.0 589.687309769 439.79705572
9.5 582.192797066 446.916842787
10.0 575.428999352 453.342450615
10.5 569.324671915 459.14156168
11.0 563.815516404 464.375259417
11.5 558.843503554 469.098671623
12.0 554.356261958 473.36155114
12.5 550.306526417 477.208799904
13.0 546.651640091 480.680941913
13.5 543.353105182 483.814550077
14.0 540.376177427 486.642631444
14.5 537.689500128 489.194974878
15.0 535.264773865 491.498464828
15.5 533.076458414 493.577364507
16.0 531.101503718 495.453571468
16.5 529.319107106 497.14684825
17.0 527.710494163 498.675030545
17.5 526.258720982 500.054215067
18.0 524.948495686 501.298929098
18.5 523.766017357 502.422283511
19.0 522.698830665 503.436110869
19.5 521.735694675 504.351090059
20.0 520.866464444 505.176858778
20.5 520.081984161 505.922115047
21.0 519.373990705 506.59470883
21.5 518.735026611 507.201724719
22.0 518.158361517 507.749556559
22.5 517.637921269 508.243974795
23.0 517.168223945 508.690187252
23.5 516.74432211 509.092893995
24.0 516.361750705 509.456336831
24.5 516.016480011 509.78434399
25.0 515.70487321 510.080370451
25.5 515.423648072 510.347534332
26.0 515.169842385 510.588649734
26.5 514.940782752 510.806256385
27.0 514.734056434 511.002646388
27.5 514.547485932 511.179888365
28.0 514.379106053 511.339849249
28.5 514.227143213 511.484213947
29.0 514.08999675 511.614503088
29.5 513.966222067 511.732089037
30.0 513.854515415 511.838210355
